0
1E-36
1E-18
1E-9
2.7E-8
0.000001
0.001
0.001
0
4.130639E+16
3.124155E+8
4.130639E+16
3.124155E+8
2077.553
4.130639E+16
4.374984E+22
3.124155E+8
421.875
753.571
0
-0.009247776
-0.01063349
-0.01380673
-0.01560626
-0.01755573
-0.01966114
-0.02697301
0
0
0
0
0
0
0
0
0
0
-1E-36
-7.29E-34
-1E-30
-1E-27
-7.29E-25
-1E-21
-1E-18
-1E-18
-4.21875E-16
-7.29E-16
-1E-15
-1E-15
-1E-12
-1E-12
-8E-12
-2.7E-11
-3.43E-10
-4.21875E-10
-1E-9
-1E-9
-2.7E-8
-4.74552E-7
-7.29E-7
-0.000001
-0.000001
-0.00002082507
-0.000027
-0.000125
-0.000421875
-0.000474552
-0.000729
-0.0007812809
-0.001
-0.001
-0.001
-0.002356923
-0.002781181
-0.005454276
-0.006557989
-0.008424033
-0.01181977
-0.01724804
-0.02381879
-0.02567441
-0.064
-0.06841793
-0.1067209
-0.1113149
-0.1249992
-0.125
-0.125
-0.125
-0.125
-0.125
-0.125
-0.125
-0.125
-0.125
-0.125
-0.125
-0.125
-0.125
-0.125
-0.125
-0.125
-0.125
-0.125
-0.125
-0.125
-0.125
-0.125
-0.125
-0.125
-0.125
-0.1250001
-0.1250007
-0.1250075
-0.125075
-0.1257515
-0.132651
-0.140608
-0.1714678
-0.1714678
-0.1714678
-0.1714678
-0.1714678
-0.1714678
-0.1714678
-0.1714678
-0.1714678
-0.1714678
-0.1714678
-0.1714678
-0.1714678
-0.1714678
-0.1714678
-0.1714678
-0.1714678
-0.1714678
-0.1714678
-0.1714678
-0.1714678
-0.1714678
-0.1714678
-0.1714678
-0.1714678
-0.1714678
-0.1714678
-0.1714678
-0.1714678
-0.1714678
-0.1714678
-0.1714678
-0.1714678
-0.1714678
-0.1714678
-0.1714678
-0.1714678
-0.1714678
-0.1714678
-0.1714678
-0.1714678
-0.1714678
-0.216
-0.2396749
-0.2465753
-0.2730049
-0.343
-0.3712248
-0.421875
-0.474552
-0.729
-0.8234527
-0.8444352
-0.8744004
-0.970299
-1
-1
-1
-1
-1
-1
-1
-1
-1
-1
-1
-1
-1
-1
-1
0
0
0
0
0
-4.130639E+16
-3.124155E+8
-7.994264
-2.538344E+36
-7.004707E+21
-8.889692
-1.472595E+10
-2.70591E+34
-31632.2
-4.130639E+16
-4.812955E+25
-6.755231E+31
-190.5918
-2.964389E+23
-3.124155E+8
-3.161938E+23
-3.549987E+17
-4.31005E+32
-9.14723E+35
-1
-1
-1
-1
-1
-1
-1
-1
-1
-1
-1
-1
-1
-1
-1
-1
-1
-1
-1
-1
-1
-1
-1
-1
-1
-1
-1
-1
-1
-1
-1
-1
-1
-1
-1
-1
-1
-1
-1
-1
-1
-1
-1
-1
-1
-1
-1
-1
-1.030301
-1.117175
-1.178532
-1.225043
-1.232311
-1.331
-1.331
-1.331
-1.367631
-1.367631
-1.371331
-1.371742
-1.371742
-1.371742
-1.371742
-1.371742
-1.371742
-1.371742
-1.371742
-1.371742
-1.371742
-1.376317
-1.376319
-1.376319
-1.376319
-1.376323
-1.464916
-1.572232
-1.728
-1.771122
-1.815402
-1.860867
-1.881366
-1.88159
-1.881595
-1.881599
-1.881676
-1.882052
-1.906163
-1.906689
-1.92331
-1.952656
-1.9999
-2.047899
-2.183613
-2.196493
-2.197
-2.423318
-2.452125
-2.533181
-2.536299
-2.960001
-3.260168
-3.375
-3.375
-4.556264
-4.805321
-5.035559
-5.469783
-6.277775
-1000
-1000
-1000
-1000
-1000.03
-1030.301
-1070.367
-1071.831
-1072.034
-1072.034
-1072.034
-1157.625
-1194.222
-1208.555
-1225.132
-1000000
-1000000
-1003003
-1016409
-1045678
-1068365
-1.083998E+15
-1107902
-1.121907E+9
-1.232665E+24
-1386.762
-1418.941
-1434.202
-1452.141
-1487.215
-1543.363
-1564.979
